100
3 4
0001
0011
0110

2 2
10
01

3 3
000
001
011

3 4
0001
0011
0110

2 2
10
01

3 3
000
001
011

3 4
0001
0011
0110

2 2
10
01

3 3
000
001
011

2 2
10
01

3 4
0001
0011
0110

2 2
10
01

3 3
000
001
011

3 4
0001
0011
0110

2 2
10
01

3 3
000
001
011

3 4
0001
0011
0110

2 2
10
01

3 3
000
001
011

2 2
10
01

3 4
0001
0011
0110

2 2
10
01

3 3
000
001
011

3 4
0001
0011
0110

2 2
10
01

3 3
000
001
011

3 4
0001
0011
0110

2 2
10
01

3 3
000
001
011

2 2
10
01

3 4
0001
0011
0110

2 2
10
01

3 3
000
001
011

3 4
0001
0011
0110

2 2
10
01

3 3
000
001
011

3 4
0001
0011
0110

2 2
10
01

3 3
000
001
011

2 2
10
01

3 4
0001
0011
0110

2 2
10
01

3 3
000
001
011

3 4
0001
0011
0110

2 2
10
01

3 3
000
001
011

3 4
0001
0011
0110

2 2
10
01

3 3
000
001
011

2 2
10
01

3 4
0001
0011
0110

2 2
10
01

3 3
000
001
011

3 4
0001
0011
0110

2 2
10
01

3 3
000
001
011

3 4
0001
0011
0110

2 2
10
01

3 3
000
001
011

2 2
10
01

3 4
0001
0011
0110

2 2
10
01

3 3
000
001
011

3 4
0001
0011
0110

2 2
10
01

3 3
000
001
011

3 4
0001
0011
0110

2 2
10
01

3 3
000
001
011

2 2
10
01

3 4
0001
0011
0110

2 2
10
01

3 3
000
001
011

3 4
0001
0011
0110

2 2
10
01

3 3
000
001
011

3 4
0001
0011
0110

2 2
10
01

3 3
000
001
011

2 2
10
01

3 4
0001
0011
0110

2 2
10
01

3 3
000
001
011

3 4
0001
0011
0110

2 2
10
01

3 3
000
001
011

3 4
0001
0011
0110

2 2
10
01

3 3
000
001
011

2 2
10
01

3 4
0001
0011
0110

2 2
10
01

3 3
000
001
011

3 4
0001
0011
0110

2 2
10
01

3 3
000
001
011

3 4
0001
0011
0110

2 2
10
01

3 3
000
001
011

2 2
10
01